timestamps:
  login: 1653597550305
  logout: 1653597792001
ipAddress: 127.0.0.1
lastlocation:
  world: world
  x: 129.5
  y: 74.0
  z: 119.5
  yaw: 0.0
  pitch: 0.0
logoutlocation:
  world: world
  x: 76.91460869744762
  y: 69.5
  z: 43.017352065924435
  yaw: -77.100006
  pitch: 57.150013
