timestamps:
  login: 1653508252908
  logout: 1653508530758
ipAddress: 127.0.0.1
lastlocation:
  world: world
  x: -155.69999998807907
  y: 67.37023297097478
  z: 261.69999998807907
  yaw: 201.15002
  pitch: -2.549992
logoutlocation:
  world: world
  x: 134.54986349673788
  y: 79.0
  z: 322.79572380569635
  yaw: -203.55002
  pitch: 12.599993
