timestamps:
  login: 1653672634553
  lastteleport: 1653595506713
  logout: 1653673056429
ipAddress: 127.0.0.1
lastlocation:
  world: world
  x: 110.78626425329048
  y: 64.0
  z: 93.89595027918989
  yaw: 168.30005
  pitch: 26.10001
logoutlocation:
  world: world
  x: 1288.699999988079
  y: 63.0
  z: 112.78550278955638
  yaw: 6.6000366
  pitch: 54.149998
homes:
  home:
    world: world
    x: 1291.699999988079
    y: 57.0
    z: 109.68562073108274
    yaw: 269.54993
    pitch: 46.049995
