timestamps:
  login: 1653511491851
  logout: 1653511753258
ipAddress: 127.0.0.1
lastlocation:
  world: world
  x: -149.5
  y: 69.0
  z: 252.5
  yaw: 0.0
  pitch: 0.0
logoutlocation:
  world: world
  x: -628.0598728268758
  y: 69.0
  z: 202.2006450988232
  yaw: 266.40002
  pitch: 22.650002
