timestamps:
  login: 1653588613399
ipAddress: 127.0.0.1
lastlocation:
  world: world
  x: 126.5
  y: 75.0
  z: 125.5
  yaw: -97.68961
  pitch: 90.0
logoutlocation:
  world: world
  x: 112.57937852861625
  y: 71.0
  z: 118.10739168429012
  yaw: 141.82202
  pitch: 55.5468
