timestamps:
  login: 1653597267311
ipAddress: 127.0.0.1
lastlocation:
  world: world
  x: 114.5
  y: 73.0
  z: 125.5
  yaw: 0.0
  pitch: 0.0
logoutlocation:
  world: world
  x: 123.71876549811438
  y: 75.0
  z: 130.24485344899853
  yaw: 154.72441
  pitch: 18.682795
