timestamps:
  login: 1653581433630
  logout: 1653581448158
ipAddress: 127.0.0.1
logoutlocation:
  world: world
  x: 62.45531975323184
  y: 65.0
  z: 54.413800418419854
  yaw: 337.49973
  pitch: 24.450008
