timestamps:
  login: 1653512456558
  logout: 1653512350759
ipAddress: 127.0.0.1
lastlocation:
  world: world
  x: -158.0
  y: 64.0
  z: 244.0
  yaw: 171.00002
  pitch: 7.6500006
logoutlocation:
  world: world
  x: -158.0
  y: 64.0
  z: 244.0
  yaw: 51.15001
  pitch: 6.4500017
