timestamps:
  login: 1653512159010
  logout: 1653512465759
ipAddress: 127.0.0.1
lastlocation:
  world: world
  x: -158.0
  y: 64.0
  z: 244.0
  yaw: -5.550003
  pitch: 23.100002
logoutlocation:
  world: world
  x: -158.0
  y: 64.0
  z: 244.0
  yaw: 56.4
  pitch: 25.050003
