timestamps:
  login: 1653514549661
  logout: 1653514800711
ipAddress: 127.0.0.1
lastlocation:
  world: world
  x: -160.5
  y: 68.0
  z: 244.5
  yaw: 0.0
  pitch: 0.0
logoutlocation:
  world: world
  x: -155.5659111592652
  y: 58.0
  z: 260.30000001192093
  yaw: 154.20007
  pitch: -0.60000813
