timestamps:
  login: 1653665522960
  logout: 1653583515725
ipAddress: 127.0.0.1
logoutlocation:
  world: world
  x: 63.5
  y: 71.0
  z: 36.5
  yaw: -115.40654
  pitch: 34.199993
