timestamps:
  login: 1653605048119
  logout: 1653605215915
ipAddress: 127.0.0.1
lastlocation:
  world: world
  x: 98.30000001192094
  y: 63.0
  z: 110.30000001192093
  yaw: -119.064064
  pitch: 5.4374557
logoutlocation:
  world: world
  x: 121.13797677927802
  y: 75.0
  z: 127.62188908756356
  yaw: 206.11375
  pitch: 7.5633297
