timestamps:
  login: 1653672290719
  logout: 1653672312165
ipAddress: 127.0.0.1
lastlocation:
  world: world
  x: 112.5
  y: 72.0
  z: 123.5
  yaw: 0.0
  pitch: 0.0
logoutlocation:
  world: world
  x: -54.098097087137326
  y: 65.0
  z: -285.30000001192093
  yaw: -49.200005
  pitch: -13.350001
