timestamps:
  login: 1653509857809
  logout: 1653509978258
ipAddress: 127.0.0.1
logoutlocation:
  world: world
  x: -148.92274667982375
  y: 69.0
  z: 243.9190914718572
  yaw: 295.65002
  pitch: 29.699995
