timestamps:
  login: 1653666948091
  logout: 1653667209728
ipAddress: 127.0.0.1
logoutlocation:
  world: world
  x: -285.39133361073095
  y: 63.0
  z: 246.69999998807907
  yaw: 38.58341
  pitch: 63.559402
