lastlocation:
  world: world
  x: 119.5
  y: 73.0
  z: 123.5
  yaw: 0.0
  pitch: 0.0
timestamps:
  login: 1653596908452
  logout: 1653597025283
ipAddress: 127.0.0.1
logoutlocation:
  world: world
  x: 97.96118799444842
  y: 50.0
  z: 83.66767015515792
  yaw: 99.42706
  pitch: 14.582189
