timestamps:
  login: 1653590677426
  logout: 1653590685926
ipAddress: 127.0.0.1
lastlocation:
  world: world
  x: 113.5
  y: 73.0
  z: 128.5
  yaw: 0.0
  pitch: 0.0
logoutlocation:
  world: world
  x: 114.58418677772902
  y: 70.0
  z: 113.93549784776775
  yaw: 148.35002
  pitch: 25.799995
